253
26
110
153
61
7
412
166
342
140
399
69
480
63
314
167
112
338
231
499
336
75
103
305
252
207
251
203
334
95
119
244
361
366
103
292
331
109
361
268
122
20
386
198
374
71
478
372
60
403
451
265
274
57
500
155
468
485
379
490
133
374
17
158
285
146
147
195
433
349
126
77
452
358
382
429
361
385
491
122
447
357
453
389
23
440
180
320
437
36
335
213
492
300
480
137
388
430
139
94
54
358
357
370
371
184
384
99
127
434
385
240
397
114
139
106
367
23
89
259
192
57
414
243
49
459
319
450
352
228
365
121
181
124
167
230
278
466
34
294
324
448
252
269
13
472
284
71
191
229
198
250
270
423
191
319
392
5
108
431
368
394
321
31
364
80
119
286
114
237
198
414
466
457
222
88
159
98
232
196
31
385
3
482
418
455
391
337
459
64
257
246
170
391
43
149
97
149
251
81
30
48
115
262
276
500
13
412
431
254
205
70
376
355
486
121
255
373
114
315
112
296
183
223
420
211
21
127
141
459
168
407
439
454
459
125
33
483
157
314
50
287
499
113
246
49
204
174
167
495
227
188
47
397
23
61
408
323
60
371
318
477
94
467
412
375
181
360
150
78
381
19
327
313
410
223
496
257
493
342
32
418
231
295
477
156
274
7
108
445
119
35
303
456
311
23
73
443
268
55
331
489
351
85
266
411
30
443
127
223
11
118
474
87
345
404
261
396
48
124
361
56
337
144
51
78
149
413
498
264
182
481
395
262
360
52
35
390
74
453
207
135
85
363
141
60
198
239
252
454
351
235
203
417
118
341
69
447
345
386
394
295
457
389
69
146
449
434
30
483
411
144
90
199
312
142
454
338
183
4
464
187
381
492
310
270
126
82
92
362
377
46
39
209
494
127
136
34
215
488
74
162
55
97
232
285
161
12
460
174
477
36
412
437
384
237
294
345
243
230
164
49
215
370
346
139
227
61
25
250
53
76
32
35
109
292
471
366
108
284
457
179
124
133
56
231
322
245
226
8
291
2
200
79
173
112
295
387
187
421
392
152
82
74
190
276
142
94
68
457
313
295
44
259
347
239
361
55
384
133
26
69
156
136
125
148
210
31
358
86
233
348
86
257
239
391
452
153
120
44
