4121
441
4652
3170
933
61
1911
869
1126
3722
2258
1809
4437
3968
585
2742
1356
2903
1514
2475
367
2262
370
1807
395
4884
798
1265
3614
1083
1432
1309
1591
3778
554
632
2732
3941
2451
2519
2584
3342
500
3631
537
2777
1413
1528
1438
4904
4298
529
449
2827
631
353
4713
1220
29
2329
2954
1285
1182
4373
4730
2562
2447
1818
2284
3421
4477
450
3815
323
2464
4639
2630
3377
4045
4544
1969
4500
2838
2922
4302
445
1748
2590
4455
2719
1340
1448
297
3509
1212
2550
1879
2748
3746
653
508
1534
2831
1214
1401
1715
3851
3286
3598
649
3071
2477
3701
436
2824
1350
4245
4172
4761
771
3847
4012
758
3023
1759
2722
3969
1578
1372
2100
4081
287
516
1405
1695
47
3482
4529
4176
487
2253
4767
790
1970
3375
1098
3206
4298
2293
3018
1815
4683
2535
4199
1074
1190
137
2192
2003
3071
2461
149
3989
3868
971
3786
3094
4082
4920
443
2627
2751
1255
1679
4808
4172
305
3632
3297
207
501
4447
4589
2363
2484
1913
3331
759
2147
718
1738
3707
3715
2163
456
2110
1602
2165
2689
4751
4106
4053
3324
852
2599
4440
4295
1814
623
3081
3002
776
222
3209
4452
1744
4175
2289
3618
1930
2363
2500
2983
147
2224
2818
840
1872
3633
3155
4967
2262
4625
204
377
332
3725
3334
224
3478
4596
2799
4084
4259
3655
3163
3454
2925
2814
4070
822
4984
4490
2144
4133
1240
814
4813
1374
899
134
4075
1336
3
870
758
4698
1460
2152
16
4424
1136
2499
2769
755
3952
2244
4698
273
2223
610
1069
4144
4978
64
1423
3809
1501
550
3572
636
3278
3090
3063
24
3519
3262
4234
4704
472
4784
4115
2032
92
1226
3779
2389
4782
3807
1553
2794
1764
3599
2726
1549
1191
842
3664
993
1393
1261
2435
391
2467
2421
3653
4883
4719
145
2159
288
3742
67
3256
546
1092
3766
2980
4345
1922
1940
2720
4850
153
4649
1815
2127
942
130
719
1208
2283
1233
2565
4863
1971
1840
1465
4441
523
2052
4293
2140
1994
3496
1453
615
4524
103
1010
1242
2030
4991
1386
1672
4533
1039
4995
3582
3483
771
803
183
9
223
4020
2597
3220
2426
2464
190
2956
1197
2708
4405
2139
2166
2276
2424
2677
2646
658
1690
4370
3516
3149
2760
3283
1083
3322
1764
3736
2783
4373
931
1762
2215
4472
4796
311
1872
1269
4104
754
4593
3650
3943
4875
4373
2144
3356
4677
2392
4619
993
1789
3336
1741
3364
2177
3029
2085
180
3796
4108
2424
4028
4667
4148
1966
1291
2325
1684
1462
318
1846
4575
1777
2787
4795
3174
2303
675
485
2229
4813
1489
1422
2177
1637
740
4987
2655
863
4615
1498
1887
3439
4412
2015
1902
424
4861
2842
2831
3809
2140
835
3145
510
1740
3320
2869
4500
2065
3554
873
471
607
3451
1309
1714
4101
3725
4572
1272
3788
3116
1245
4726
4465
1951
3334
3161
3555
2273
798
1090
4819
3215
4061
3125
1070
21
2729
2656
1115
1475
1504
294
2230
1818
4768
4591
1297
1567
3724
3630
815
3083
875
4675
3782
875
139
4692
2912
884
322
1492
1822
4207
3497
3246
4505
1739
1778
3730
2397
2664
2813
584
2340
663
3915
4961
1277
1618
1686
3703
119
783
3051
2845
4794
4206
4123
1488
576
937
455
2881
2744
4873
4212
3939
4798
1249
2464
1153
4652
4914
3020
3959
1989
2081
582
4893
2698
4042
2308
2823
1974
1453
4536
2170
2094
2800
2012
1333
1577
2349
2055
4229
2388
2567
1322
4771
1713
3950
1177
1945
3038
3038
4793
4920
3491
2427
1468
2750
644
657
2925
787
2329
4220
3904
2558
3993
2611
1102
2830
3925
2784
3271
2902
3479
2264
1439
4500
4101
4010
3085
2868
2498
2903
1185
1594
623
1757
1600
4501
394
2789
1248
4404
4134
1399
962
61
846
1511
4936
2747
433
1748
350
2258
3697
2480
3206
4151
2923
1976
4046
3758
1464
4908
3652
1906
1775
224
665
2546
2929
1553
844
1905
3547
4774
440
4685
997
1853
4361
54
588
3019
4217
515
4173
2084
721
1495
4185
3133
526
1784
653
444
3342
4019
2890
3388
2702
3675
4412
1920
1069
1407
3812
459
4922
617
1688
1688
4936
4702
1665
2486
3342
4121
2573
1130
834
2327
4527
2672
649
957
978
3956
4487
536
716
672
3353
2887
1535
3766
3345
4968
1080
1920
770
531
1727
3356
2925
3759
3721
732
2347
1194
879
4394
3298
1901
4196
947
833
3508
710
4609
205
4455
4253
4982
2120
2119
2329
206
3975
367
1709
4233
254
2319
2076
2686
4743
4672
1333
4352
2165
4903
3280
53
2947
210
2648
1343
4095
4210
3337
1344
4163
4122
2650
1789
601
3878
1349
801
2493
1489
3965
3675
351
2237
3998
3014
3517
3257
1056
4119
4469
1841
1287
583
1969
3962
691
2642
2695
528
742
635
4013
33
4260
2497
217
4736
1417
2823
4280
935
3250
4037
3798
2010
4307
3371
3098
4036
4708
3054
1595
524
1740
1787
4260
3826
2510
2271
2687
2979
2394
4928
65
4975
4958
3151
522
4382
2220
175
308
1235
1506
4504
4286
1876
360
407
2244
4553
2225
3449
3059
4472
4681
1857
4776
72
2140
3405
2786
4825
2385
4002
2508
495
4303
3923
1482
2638
3103
4417
266
3709
585
540
3946
975
1492
1835
2849
687
3735
1041
3866
3776
3265
4241
3357
4765
1863
4881
1410
763
3707
756
3624
997
2674
2221
169
2768
3334
4762
4073
4592
3404
926
2922
3294
2340
654
363
3772
1148
2147
940
1446
1090
2035
3798
4933
3270
3243
4789
2946
102
1662
2682
3636
3303
2752
2265
1655
3380
3719
3043
2132
1525
1780
1464
4737
4387
462
1032
3343
4640
1161
1301
3224
3853
2336
2886
761
3085
1036
2301
2413
597
4489
112
1551
4097
1795
2254
4100
1955
349
3792
3152
2840
3310
1507
2680
2108
3591
2430
550
1883
2041
3905
3066
1875
4519
2453
740
1913
555
4784
2797
578
3670
2539
392
3506
4672
1698
638
3103
2424
1646
2234
1304
3957
931
4544
514
4155
1151
4575
126
4571
147
2611
624
215
4585
131
4929
721
840
282
3588
476
3301
280
4036
3539
520
3394
875
4020
3111
4745
2049
795
1277
3085
984
1452
588
2411
1751
4450
4852
664
604
3151
1398
2037
4245
3412
2869
1515
1904
1094
896
4330
756
37
3321
655
596
1001
1632
2334
4495
1860
4354
1377
2577
3838
656
825
4510
2016
3298
2342
186
1548
3062
384
815
2674
4073
2304
2560
3127
1225
2638
1144
3415
3297
2908
4052
2689
4401
4799
1417
2570
4576
213
3334
1814
3888
661
3090
3305
3306
4736
538
4260
3197
2053
1077
424
994
2370
526
370
4382
1662
4303
2162
557
294
1985
4724
2579
540
877
4167
3476
2330
2447
4810
899
4455
4454
4398
4483
794
284
2785
3016
1176
3192
3553
4611
2497
1009
4458
3331
2997
2582
4789
3980
28
4887
1581
4590
4318
487
671
1699
4389
2917
3985
2371
4460
118
2536
2149
434
4382
3918
4121
2278
2371
2938
2920
789
4381
61
3749
4352
2886
4370
4447
82
1168
4155
602
2328
2853
3419
3906
4173
3815
959
1115
2252
2157
3383
418
67
2420
4401
3489
2795
3088
1262
3774
281
880
4795
3171
1918
2072
3113
2374
2263
2474
43
3154
1436
1365
2007
2993
1219
1233
21
246
4936
654
1708
3013
1728
3423
4921
917
3452
2453
1807
1758
4651
4819
2657
2503
1605
2679
416
4216
1829
429
4838
3297
2697
4456
4722
2133
756
495
3579
675
4577
782
1371
1007
3997
3595
795
0
687
1904
1771
3803
2688
3707
2450
2779
871
3502
3840
3148
3497
4479
3256
2500
467
1131
2694
4081
1908
4578
1336
478
4697
116
4851
2732
3346
2658
4442
3260
2757
92
2267
1399
1382
1589
4495
2715
2177
3644
1369
2501
3321
915
1778
4679
4603
3420
4880
411
979
2853
3503
4960
4955
525
4754
64
4646
4384
3269
941
151
552
243
2120
233
2053
4588
4470
4758
4059
3833
3137
3005
2194
1940
2501
2131
1854
4629
4897
3627
1088
4347
149
2750
4210
4320
1222
1508
4851
1930
3065
595
396
1788
4233
4669
1847
1935
4716
3736
3203
2912
4907
1091
1393
454
3197
2906
455
3665
3988
20
2640
1376
1749
3297
69
1822
1015
3695
2878
4618
465
1263
4314
3749
4052
3110
3554
4979
903
2728
28
2156
4506
4151
4331
2309
844
4816
2084
3385
3788
1459
4800
3327
1928
1961
1174
2606
3636
3169
1430
1636
256
2638
1822
3234
3304
3313
3592
4582
2360
2798
549
1882
2497
2539
4988
300
3692
3875
139
4471
522
793
1743
1436
2494
1496
813
86
1320
2787
2583
2312
1076
428
2522
3066
4534
1763
4543
4527
325
4869
1850
2171
2602
1788
2584
2029
2613
255
2571
3928
2382
4725
3240
3380
520
2418
2378
1228
3521
866
231
1354
4751
1644
898
1206
1299
118
4138
2243
3759
941
3249
4743
3258
234
2083
3377
1814
596
666
1676
3879
2818
1631
1800
1302
3986
2450
2634
3552
1069
1193
2299
3594
1684
4989
709
809
3267
4794
4229
3744
3256
4864
4851
677
1332
3690
4884
1946
3874
3528
305
3817
1360
971
1976
938
4330
122
3524
1421
3164
4944
1949
2374
3666
407
630
1872
4227
4328
4208
4335
4200
2735
2612
78
4222
1034
926
1348
3044
3454
2201
1605
152
4242
4288
4741
113
3904
2641
65
3605
2215
1189
3095
1506
1186
1122
4157
2977
3301
2015
2353
2462
3575
4424
4790
4259
1479
1627
4399
4661
3411
766
520
1738
2437
3552
1548
4186
3500
527
1940
2730
499
3807
4930
1235
3320
2759
3517
591
3581
3099
3244
3246
1310
2635
1268
4482
463
2465
714
3765
2022
2100
1738
688
4931
2073
4849
2624
4396
3632
571
1314
518
69
4898
3152
2048
1927
2061
4929
2630
3679
4566
1604
591
4823
182
535
3052
1700
4818
2222
3238
2600
408
2897
3383
1396
3777
695
1961
3269
3644
4001
3161
4545
3945
666
874
4532
4260
1061
457
4352
4812
3642
3217
2679
2069
2408
385
4263
2209
2637
318
4466
2692
3519
500
1622
4739
3499
1486
1739
2068
358
4468
2672
175
1769
1169
515
1824
2721
4033
960
4619
1334
4526
3904
2219
1831
10
4382
3956
1832
3598
2026
856
1895
876
4740
4075
611
4091
3850
2484
840
4092
2787
4497
1534
1016
1427
4982
53
2380
3986
1476
2592
1701
1767
3174
2555
2863
1162
3833
3706
3788
4264
4184
2037
4465
2697
4046
2706
2336
2614
4309
4336
3378
820
4144
1432
2816
322
3013
1793
4167
4329
4464
3193
4645
2564
2678
771
4082
4150
2446
1948
2604
2788
1719
473
4689
2909
4547
1561
3797
1938
3047
4644
2504
794
1554
4069
591
3612
339
1501
1497
551
702
4932
2402
1490
2896
4638
3127
4459
4253
4405
4944
3717
1878
3916
2827
2793
3379
1135
1917
389
1868
430
3447
3594
2897
196
2831
1501
3734
2252
586
866
4852
3317
763
502
2523
4713
2812
1425
3683
4379
1703
3341
941
4919
918
4204
2318
929
2343
1217
4918
4536
4786
594
4125
1997
3629
3235
81
2035
3233
2909
3896
4958
3253
2231
4026
292
656
2616
3010
2477
1984
3599
477
136
1479
356
4358
2658
355
1670
92
1541
1176
1653
2224
1431
1590
227
591
1890
3538
2330
1202
1358
2292
3743
1462
2476
1939
3538
4523
1118
1761
632
685
3340
1692
49
1222
280
1224
203
3116
289
84
2583
2270
3782
1049
2157
4537
1682
4022
2056
4144
1540
3707
670
1116
510
2895
2645
2183
3929
2040
3585
1039
3683
4409
3197
864
1259
2517
1541
587
1684
494
3547
3933
295
736
3105
4126
2011
308
3056
1430
4180
2930
419
1887
2199
4542
4080
1399
4746
157
3500
1624
2376
2723
1088
284
4681
923
1692
380
4684
1934
2671
1031
3422
1071
3989
1160
1888
1693
4857
4058
1800
4980
106
1122
392
1726
1233
4558
4487
3659
874
2052
3046
3274
578
4942
3576
3645
149
513
4744
3012
2275
1872
744
1151
4550
2800
2629
1017
3980
1995
800
1728
3975
167
4750
2346
3076
2981
3007
4966
1850
2855
1493
3773
1480
2168
4449
2643
2934
4754
3146
690
2321
1019
4251
4042
402
117
4471
45
2731
3853
1233
4860
833
4217
3046
68
280
742
2100
263
1230
4931
3922
4882
422
3516
2602
4704
1074
4935
3096
2133
4310
886
1783
2154
3131
4808
1033
4776
3229
4976
1065
3625
2112
1398
1357
4182
185
2537
2376
1096
2847
4332
51
1688
2332
3484
2966
1186
651
3356
3499
767
4933
1958
2559
951
2292
258
462
554
2513
1726
2701
411
992
978
3466
34
4860
3667
3236
4131
4885
3899
1016
385
2162
3661
743
139
40
3442
4194
3766
2867
4805
3287
459
3964
3856
496
567
85
193
2590
4223
668
2945
611
1612
1959
1405
888
135
2137
2715
3841
3415
2708
4362
749
1847
3459
3412
789
2931
2793
2813
1915
3814
1805
3627
1609
61
3811
3301
4587
3976
1129
1047
907
522
4001
908
4876
2984
4406
383
303
1095
1899
1994
1623
461
3907
4570
24
3485
1010
1163
327
1602
4783
4148
2653
3035
1895
768
2935
2805
200
819
1681
1680
3695
4780
2146
3566
91
1608
4373
2766
705
511
899
3206
1682
3961
181
4396
1182
2436
467
2254
821
1697
745
4423
3584
551
2873
196
4685
3970
2778
4026
1562
282
3279
71
2968
3382
3440
3614
4709
294
3105
3751
1786
4316
924
3690
82
2388
558
3270
4053
4809
4821
531
2657
2723
3180
1845
257
3520
3732
4900
3594
2249
779
2075
406
4620
2053
2504
4718
1191
4879
1339
2539
272
1285
2108
3588
3084
386
2801
2934
4462
4527
823
4172
4780
2010
83
695
2509
4982
4264
2893
4849
3009
1099
3102
2023
1007
4727
671
4233
2494
790
3805
199
3627
3013
1013
2129
855
3145
4865
3257
4527
645
2260
1991
1383
4513
2817
2549
188
2251
3285
1531
4235
2720
1033
1483
3227
1888
4649
4367
1514
3940
2992
2288
4835
4526
437
4101
2664
296
4500
1634
132
2682
4664
632
3874
3981
3727
3272
1521
58
1320
4061
4431
297
4813
4444
1515
3358
2113
1671
2011
2560
80
2566
851
671
4391
3983
262
2666
1579
524
230
3599
4734
898
2441
1562
470
47
2837
2074
1759
4425
378
4306
1289
508
1212
4438
366
4570
1510
3768
3115
942
3949
2563
1223
2293
4579
3360
3216
3007
3520
2968
423
2743
1590
2717
4234
2099
131
2928
2604
4427
3357
1835
829
3790
1245
311
2429
3570
2640
2200
2472
4847
4780
3033
241
4082
886
4433
1069
3656
154
1048
1246
858
413
1063
1209
4584
3084
3196
3614
2655
3168
4398
2433
1734
4976
4566
2176
1888
4136
298
2078
1207
4002
2417
3696
3243
2296
3703
4706
3536
1692
2644
3587
3567
4520
4822
425
3260
3232
2213
1275
351
1441
190
4056
484
2727
4834
2392
774
341
1364
4614
297
3105
3774
4979
3598
512
3407
547
717
2678
754
1449
3509
875
4146
4334
2273
2051
3481
3659
3222
2449
2744
3640
3554
3457
1564
1145
4160
1979
2207
2449
4334
2759
4560
3394
3133
2937
4626
869
2893
3345
4438
2835
1135
4704
4319
3613
4062
546
1291
1653
1215
1615
3681
3399
4382
4727
2068
3517
4527
325
4569
2369
3663
3056
2989
717
4685
49
4769
4153
4070
1385
306
2670
2141
2267
582
99
1034
2655
1054
3949
647
1659
636
4529
1932
3529
3506
4040
1864
615
959
4332
1982
3706
4272
2025
2862
4611
1675
2230
4410
2844
3636
3038
2460
2847
1973
2954
3816
3408
544
3634
1383
2330
1931
2582
3201
470
72
2741
1433
428
2014
2354
2042
4862
790
4184
1163
4557
526
1935
2194
3788
3176
831
4387
792
3706
2605
4685
1663
4390
3384
74
2372
3995
1186
1634
3298
1874
915
1351
1608
3877
3751
3682
4055
1117
2844
1753
2162
4572
3855
94
3942
3842
4479
873
1890
3239
2801
2162
4287
4233
2898
1774
2012
4873
1983
4712
2264
3116
4289
4448
3094
2389
2106
4697
4322
188
1538
3989
1232
473
128
318
54
1093
2485
305
3115
321
4954
3106
1500
3250
2757
1984
4743
2457
1791
4995
3343
1377
2045
522
1088
3255
1451
1181
3704
1157
4533
1691
2362
3627
1692
2647
267
99
3449
4158
3579
1205
4901
3988
3114
3948
1553
1539
2450
3023
1467
385
241
2930
748
4764
1975
2038
50
2488
184
2231
1232
314
3644
1143
1427
1424
2797
136
623
1548
1434
4138
3258
1393
4864
2574
3098
4875
549
3712
989
3184
2283
2554
978
2157
2310
4756
2083
2925
2058
4418
2898
1003
3227
317
3125
1752
1109
3727
2761
3661
2438
4111
3364
4173
4815
1047
1350
2509
2871
858
4880
3699
2561
507
912
3240
2871
4610
2523
2057
2310
795
4187
1097
2256
766
3015
348
1464
94
3853
3873
1219
351
2173
4392
2937
405
2201
2277
1520
1001
3455
3635
575
4629
777
3460
1008
2069
3624
1390
1194
2336
4015
1875
321
594
2046
4559
2272
3712
2274
256
1903
1827
1091
4662
4216
2205
964
4842
4272
3079
4759
1521
4214
307
2860
2790
1299
2398
4210
2957
4545
2154
1473
2591
942
1760
3727
270
2519
70
3837
4569
3149
3730
2130
1182
737
578
4076
4615
2750
687
479
273
835
3017
4661
584
903
1004
4442
1991
776
4709
4328
1219
4147
2925
2482
4672
2886
2812
4142
4548
3613
2476
1679
3627
4168
959
220
2830
913
1755
3559
593
4471
20
4908
1158
3510
2060
1574
694
3050
4395
1889
1884
1349
2716
3955
1634
4401
2707
2384
3786
4501
427
4550
3650
4379
1328
2262
4102
4754
4684
2194
1973
4107
1585
1116
666
4412
907
2115
3154
2380
132
1062
4762
4866
213
68
4729
4146
198
1307
3008
1083
3409
4792
4391
2295
124
3013
2894
1224
2174
1450
1055
2642
772
2635
3676
1520
2879
2569
4304
1742
2064
1094
3845
686
4448
623
2914
508
4388
1413
2227
594
4749
3332
4022
4211
243
3768
4996
3626
10
4498
1586
1937
4245
2453
3950
2381
2567
2011
3126
3590
4424
1972
313
851
3599
2086
4839
3026
3898
1551
2741
3053
748
2656
2480
1703
1866
3993
4779
4874
4162
3685
1971
943
4435
2829
548
3752
3767
2487
4247
1973
2336
3031
3262
3475
149
4460
1756
1824
1937
4935
2743
2104
201
4353
2658
922
2436
4435
1110
3622
2720
3775
791
291
204
3206
4912
3740
850
1161
365
2440
3725
3164
4683
3666
628
361
3129
4049
2332
4926
3977
4282
4043
1557
2206
4442
4897
1343
4492
3310
1983
405
3859
3216
538
4832
4883
4191
718
1575
2008
2539
4209
1759
2510
164
904
456
1643
938
2823
4684
342
3501
2649
316
285
4695
2980
354
3253
1442
3365
1107
4490
3985
369
1159
249
3736
1158
1498
711
1225
4290
3329
2790
3580
2918
2738
3480
4879
176
3748
1550
1038
3793
388
2172
2313
1769
641
1346
906
1849
1158
1655
2401
511
1145
962
3632
1818
4085
2968
400
1200
3023
2088
246
3271
292
3979
1552
4959
3399
2981
3085
2471
3743
29
4596
3523
3493
1606
2183
368
2316
3764
677
120
1050
3582
4835
4902
3897
1690
3030
2671
3318
3848
692
4175
1950
3452
3432
2054
3330
341
792
3845
2770
1323
3355
3294
3506
2051
2635
1404
608
4581
2295
2561
293
4562
495
1735
840
4988
4319
3558
3045
1984
2692
4572
4236
4852
232
1642
1317
120
1765
2750
1637
3606
1677
2259
2775
4131
2693
4991
4626
3048
1328
3607
1616
4616
3360
1706
616
1429
423
4042
913
3250
879
1037
4985
437
1582
4177
1655
3237
4924
3868
2728
262
4711
4909
1101
1773
4844
2026
2822
133
2468
3510
3528
4491
4488
1611
9
322
2897
4733
4986
3214
962
717
2807
1765
4120
1758
4932
3279
758
3453
578
1535
1382
1683
2813
4025
3938
3589
4140
4538
4365
1689
1308
3416
915
651
4537
1058
4618
3578
946
2460
757
1242
2617
2992
2834
921
2990
3447
3728
463
3227
2230
2510
2239
1404
44
2056
323
1703
201
534
447
4780
3584
4505
2848
2983
2360
853
4833
2127
2413
984
4426
262
366
1419
3478
4302
431
3182
2962
2914
2691
2669
1067
2454
1358
1276
4883
1003
976
1450
801
2057
831
1599
61
3014
1280
1642
4483
489
3001
2286
1079
1849
2862
3074
2782
2599
1347
2422
1910
1490
4878
3281
3861
675
740
3791
2583
2550
527
2000
2372
3512
2601
1320
84
435
4949
186
318
3217
623
3693
3070
4574
1409
3958
2165
4705
3543
1207
2891
308
3629
2099
1323
282
2149
765
1764
2535
3302
4589
2040
1728
3769
2494
3191
4591
3524
4719
2310
2987
3640
4205
2227
3834
1921
2638
4605
4018
3597
559
1748
4464
2358
4617
1768
4992
446
162
2842
2921
3725
820
3772
4135
4201
944
270
802
2332
3859
349
1266
3137
3011
191
3536
3413
3453
3290
3486
1783
3455
4717
2849
1955
952
3349
4517
1125
762
3228
2268
1340
628
663
3464
2873
1161
3232
3229
4813
504
2131
1363
3899
3792
2270
864
3682
4573
2470
297
3585
691
2568
3154
2240
1820
2064
2853
4374
3279
1761
1006
3127
1061
1396
804
290
110
4648
3190
1210
2111
2340
2979
1828
4507
2464
1138
4967
1335
4102
322
625
48
303
1105
328
3316
3643
1867
4480
4
2417
1487
4178
695
2127
1805
1506
841
372
3474
3390
3531
1317
1578
3725
2731
2724
3074
1881
1768
4014
1929
4057
423
1206
977
4724
1796
2308
3115
4692
3148
2435
4024
4698
4900
4338
729
4421
3159
4337
2961
1749
1601
1041
3730
2068
1305
4453
2165
3748
4701
3210
2261
46
1674
172
4943
4548
4673
762
4679
1124
1342
3367
2888
3176
4146
2091
155
3191
2832
3323
4035
4987
2459
1786
326
1576
4556
3619
2974
4703
4123
810
4854
445
1895
3765
468
2365
1403
1278
1231
1835
1296
2902
3655
3656
3236
3679
3535
4994
3045
4631
3673
156
2567
3968
3476
1297
3463
661
949
1873
4668
839
347
4698
3793
696
4442
2916
2357
4679
2996
2721
4461
1130
2359
4315
4935
3918
3239
3885
1119
2606
248
217
1553
3261
4071
4668
1484
5000
312
2984
4818
3595
1111
3106
3583
2292
1855
3788
4022
3043
1320
2811
642
4221
2015
251
2026
2380
4127
2572
4354
2276
4347
4907
1849
2971
1911
365
2326
558
1519
1110
2481
1629
4968
845
572
721
2946
2921
4225
4917
4197
936
3282
2780
286
155
4784
826
3916
1513
3477
2157
1852
1575
4765
4444
1507
4155
380
620
2101
3489
4679
3958
3078
789
2377
3215
2157
801
4533
3589
144
242
859
3229
1990
970
1319
1264
2302
2604
4645
3764
3683
935
2931
4796
4372
1027
958
3041
4852
4669
2749
2011
2902
3226
4886
3299
4473
3541
825
4478
481
2386
1386
2906
1392
1494
3459
3395
4944
1879
1988
430
1858
1302
386
805
2204
162
1098
32
698
1127
486
1992
4960
4716
2124
1965
51
1006
1075
3305
1021
191
3330
3629
3897
1736
4917
2257
3376
2868
4
4743
4401
1768
2311
3901
886
3836
1181
345
3294
4378
4530
3355
3775
3859
4210
1290
2610
412
680
1372
3931
3841
2123
4478
252
2575
4879
571
553
2329
3322
3779
703
3161
1721
4257
151
888
1789
4750
2697
4725
200
4300
1199
4831
1159
1502
1644
3833
2033
1367
4197
3388
4171
2031
4953
3586
3641
3683
3913
837
293
4458
3083
3401
2978
783
619
3173
1899
403
3895
173
4666
2617
4960
957
2960
4754
4608
3426
2485
2496
2710
2495
2026
1264
1622
778
420
343
4918
4492
958
2554
3876
914
109
1740
580
3130
4709
1105
1800
754
2684
2221
2620
682
4064
438
1755
3175
99
174
4238
884
239
1467
702
4714
274
2542
4720
3509
472
4976
681
2210
2295
1104
2759
2487
1093
1729
355
2411
100
4428
4539
1840
2032
526
4913
3268
4437
807
4828
714
1774
2149
2592
2738
4946
3633
616
729
1331
2275
4043
199
1928
3022
857
2499
4407
3375
3492
3213
2636
107
4344
3290
361
604
38
3117
1145
1911
486
2490
570
2828
915
3553
4237
2741
2608
2527
2293
2506
1557
4323
473
2697
2921
3746
1309
853
341
3943
1469
2905
4456
1974
1000
3045
791
806
2031
3265
3664
3775
547
647
3265
3034
4101
3748
4427
4276
448
968
3209
4971
3548
1789
2285
4548
3495
97
2439
3934
2060
4852
2679
3350
2590
2096
2345
2492
1974
3578
4253
2340
3252
2859
672
2851
167
3737
1408
2187
1893
1633
791
4229
148
2360
1266
4849
1837
3478
4695
177
4160
4273
1738
4041
253
1300
2396
1736
3084
3663
4237
647
3725
1326
13
3407
1090
363
1366
121
325
707
4565
4714
4300
4661
3418
2696
1733
448
4761
3164
2311
4144
541
3348
4350
888
68
2129
3007
2080
2066
3493
2791
3045
1902
1981
3426
2824
4908
4944
3450
426
2350
4732
3356
4274
2132
4767
1173
377
1562
2736
3662
237
762
1404
4884
2807
3369
4776
2826
2657
3005
1990
2764
1416
2118
594
2734
649
9
3325
2057
598
1220
1047
3078
2584
752
904
4268
4058
3479
1886
4444
1775
2286
746
1199
3959
4785
2931
128
3856
4567
2096
1100
1207
3607
1498
3855
13
4807
3984
2377
4441
4926
4373
2889
2001
888
4214
1233
593
2733
3474
1029
4042
2195
4920
1915
725
3246
612
3520
3232
3323
747
748
3630
1341
4540
3873
1566
618
4694
588
859
783
3100
302
3380
1827
2517
512
1142
749
1283
1372
3004
1696
2843
1345
906
4814
537
886
1660
4774
4745
2333
2745
545
2380
1487
1182
908
4828
387
1233
2432
3535
3973
2324
845
4439
1574
4032
2197
3367
4513
3318
1261
3724
1030
2401
4833
2199
4893
1792
1137
3210
621
3104
2491
2164
59
1526
2481
2646
2818
3569
4687
3503
289
3844
57
80
387
3663
1761
196
4256
4227
616
4984
4586
534
542
2003
3436
4973
409
3073
3841
1507
3783
635
4743
1785
2222
284
4786
3641
773
1015
576
3510
2305
2677
51
1084
1561
3196
2829
2205
1492
2618
3884
2131
1640
3912
1627
1583
4803
3117
4073
257
873
3243
4953
55
187
376
422
4079
136
796
1260
4282
2792
1298
4417
4586
4860
2375
3755
96
698
3935
4776
1972
4616
1939
768
1343
3893
942
3982
3015
2396
2525
4545
1366
3674
3443
3291
3666
3443
4210
3667
2634
3994
4296
802
2730
3125
3688
3611
5000
869
1713
2339
1995
659
3951
4148
4110
3436
2164
4410
1004
449
1196
3864
2277
3438
1092
1638
3207
2547
1436
3133
2556
1363
3825
143
3386
1146
876
3403
2311
1410
4996
580
981
3380
742
4717
2972
1516
3020
3621
2796
4400
1244
3520
2280
609
323
2702
2389
4964
4232
4966
4381
1984
3266
1157
620
4416
214
4784
1780
1389
1438
38
1538
1603
3978
2372
2112
3946
2825
1079
1736
3604
4505
888
1577
3259
536
1830
1834
959
4075
468
3418
4583
3064
3435
2422
3823
2533
4340
1038
4611
99
1940
4574
1253
4704
1090
1989
1190
4843
1359
428
1681
1884
1487
522
4765
1699
875
2132
4796
4071
2631
3454
2030
790
3056
3168
968
1588
4457
2858
3669
632
146
2649
3161
72
4574
1687
3378
3312
1198
4243
2420
2960
4138
1609
2728
794
4743
3956
2236
4366
204
3240
1610
3175
2252
4087
2398
4097
1076
4965
3352
999
67
2892
360
1315
1462
2667
740
4095
3582
1554
1077
1428
16
3212
4292
4068
39
2131
3969
2302
941
2357
4265
1790
1589
2517
4534
251
4744
2488
2420
2923
3819
1114
4101
1365
4803
4307
2729
1730
4872
4986
3397
3726
1619
1590
724
2684
698
4808
3819
273
4532
543
2435
855
2286
3168
1243
4467
1177
1418
3661
1166
2483
2640
4368
3743
4894
2468
4338
2513
3695
4598
3756
3343
2338
582
4822
3097
419
776
1406
988
2212
2278
3954
3008
279
219
597
4445
3192
4408
1732
1861
4263
1723
4422
3738
112
1226
1141
2401
4694
3409
2993
2402
4248
1693
4285
431
50
4485
2955
4236
1523
4876
3768
4870
3611
2432
3353
2495
248
361
2312
3068
547
4778
545
4653
3832
848
1790
918
1426
1551
1637
872
4302
1194
4234
4764
381
3315
1772
536
2717
191
884
3864
4148
2768
2005
3778
4117
4053
4845
1341
3954
4091
4010
3204
1638
2315
4273
2785
1933
1932
145
3632
2334
2375
457
3714
121
2832
4076
2191
3853
4109
263
670
814
2802
1764
966
4071
2226
2026
3143
4123
3561
2534
846
111
4585
3524
116
954
611
4122
4638
616
1848
3826
566
2274
3699
2892
988
902
9
3732
1009
1089
334
3966
2616
1895
2189
474
568
1028
3629
1556
4974
3851
2568
3405
3039
4990
617
3647
1230
2116
522
789
3839
3000
3576
417
1150
3653
2131
3788
